77 8
1 0.597378 0.210494 0.054616 -0.771912 -0.093650 0.561211 -0.151178 -0.808342 
2 -0.270204 0.108159 -0.416597 -0.861242 -0.467141 0.509110 -0.330735 -0.642807 
3 0.445068 0.838706 0.265119 -0.167923 0.041698 0.373050 0.521995 -0.765909 
4 -0.783617 0.312320 -0.010506 -0.536927 -0.560150 0.453036 0.089016 -0.687799 
5 -0.805312 0.264034 0.045359 -0.528868 -0.381129 0.265877 0.637097 -0.614945 
6 -0.373313 0.260117 0.231741 0.859810 0.446991 -0.013226 0.817383 -0.363194 
7 0.678643 -0.324249 0.166007 0.637768 0.548565 -0.098176 0.792009 -0.249319 
8 0.925969 0.008317 -0.026036 0.376609 0.744520 -0.397977 0.504272 0.181699 
9 -0.054539 -0.438804 -0.878328 -0.181703 -0.560437 0.290976 -0.745835 -0.212069 
10 -0.043670 -0.437037 -0.877307 -0.193450 -0.566684 0.253744 -0.765834 -0.167274 
11 -0.051116 -0.432588 -0.877532 -0.200482 -0.741443 0.269207 -0.575552 -0.215708 
12 -0.039189 -0.431288 -0.877476 -0.206132 -0.548096 0.334942 -0.711001 -0.286149 
13 -0.273581 0.103845 -0.423822 -0.857172 -0.633183 0.434253 -0.411116 -0.491413 
14 -0.655464 0.512215 -0.552430 -0.053139 -0.848534 0.321430 -0.136482 -0.397548 
15 -0.415875 -0.298364 -0.734989 0.444769 -0.876303 0.236007 -0.362784 -0.211615 
16 -0.655549 0.513522 -0.551784 -0.045662 -0.880935 0.251408 0.115762 -0.383857 
17 -0.297135 -0.479672 -0.810558 0.156914 -0.760758 0.254525 -0.565949 -0.190175 
18 -0.408994 -0.298045 -0.743512 0.437131 -0.929349 0.185646 -0.275791 -0.160580 
19 -0.410346 -0.281109 -0.741432 0.450414 -0.953981 0.155754 -0.211877 -0.144114 
20 -0.181811 0.345660 -0.784394 0.481861 -0.969893 0.048916 0.199822 -0.130328 
21 -0.143154 0.425452 -0.762498 0.465934 -0.839619 0.165777 0.374857 -0.356426 
22 -0.409020 0.171820 0.578195 0.684742 -0.611119 -0.116385 0.770871 -0.136914 
23 -0.147455 0.414784 -0.765934 0.468568 -0.987225 -0.059421 0.146388 0.020677 
24 -0.407489 0.167529 0.585105 0.680838 -0.106085 -0.406324 0.897347 0.135700 
25 0.068291 -0.569587 -0.692472 0.437481 -0.867805 0.103585 -0.485924 -0.007908 
26 0.119717 0.269506 -0.860659 0.415091 -0.988441 -0.092869 -0.009499 0.119452 
27 0.453768 0.082398 -0.541887 0.702612 -0.776863 -0.405337 -0.086413 0.474045 
28 0.693521 -0.453134 0.369348 0.421047 0.347227 -0.699207 0.300708 0.547830 
29 0.562300 0.008520 -0.703728 0.434181 -0.824065 -0.202840 -0.407737 0.336932 
30 0.498204 0.058404 -0.635989 0.586429 -0.930521 -0.036999 -0.340621 0.129378 
31 0.782142 -0.306394 -0.001310 0.542564 -0.755969 -0.441893 0.024664 0.482320 
32 0.026661 -0.825773 0.548783 -0.127380 0.668472 -0.578845 0.225358 0.409019 
33 0.683942 -0.027280 0.069482 -0.725708 0.539769 -0.512892 -0.379279 0.549308 
34 0.790138 -0.314124 -0.002643 0.526309 -0.268367 -0.483156 -0.551686 0.624645 
35 0.832397 -0.135646 -0.410478 0.346734 -0.068249 -0.384133 -0.727521 0.564355 
36 0.574071 -0.045946 -0.729806 0.368394 -0.356212 -0.045186 -0.901526 0.241500 
37 0.578997 -0.010759 -0.699614 0.418555 -0.653328 -0.072425 -0.706841 0.261327 
38 0.570392 -0.001160 -0.710773 0.411647 -0.454729 -0.087113 -0.842293 0.275998 
39 0.797715 -0.327699 -0.030274 0.505320 -0.248767 -0.196103 -0.868458 0.381364 
40 0.592118 -0.023375 -0.698314 0.401508 -0.659765 -0.044451 -0.717745 0.218121 
41 0.790385 -0.316204 -0.004717 0.524675 -0.251475 -0.288378 -0.795128 0.470500 
42 0.785910 -0.358482 -0.102815 0.493220 -0.506462 -0.101129 -0.814215 0.265185 
43 0.599370 -0.025919 -0.692295 0.401013 -0.566052 -0.041379 -0.793316 0.220277 
44 0.577353 -0.034464 -0.742742 0.337356 -0.468707 -0.093279 -0.828636 0.291506 
45 0.572893 0.004649 -0.736374 0.359896 -0.660191 0.118159 -0.740257 0.046969 
46 0.573515 -0.024753 -0.726459 0.377789 -0.594591 -0.019350 -0.777971 0.202111 
47 0.592809 -0.085618 -0.709826 0.370667 -0.655857 0.088299 -0.740413 0.117655 
48 0.580858 -0.037348 -0.755475 0.300776 -0.613130 0.027053 -0.774526 0.153131 
49 0.617571 -0.064796 -0.730876 0.283246 -0.635383 -0.004989 -0.749544 0.185598 
50 0.573392 0.005663 -0.715125 0.399732 -0.728217 -0.003004 -0.661090 0.180697 
51 0.568869 -0.020230 -0.757379 0.319932 -0.650331 -0.026540 -0.729081 0.211676 
52 0.114119 0.258129 -0.953641 0.104478 -0.842767 0.072288 -0.530929 -0.051307 
53 0.570321 -0.024804 -0.736203 0.363489 -0.691514 0.027032 -0.703987 0.159624 
54 0.492077 0.034872 -0.816173 0.300842 -0.756162 0.025836 -0.646216 0.099781 
55 0.544697 -0.065282 -0.781212 0.297910 -0.734826 0.074466 -0.671202 0.063038 
56 0.789898 -0.313087 0.000202 0.527293 -0.562392 -0.566960 -0.249989 0.547519 
57 0.602784 -0.036795 -0.690736 0.397720 -0.793517 -0.029419 -0.579579 0.183178 
58 0.558135 -0.015370 -0.757203 0.338957 -0.865342 0.017745 -0.489470 0.106242 
59 0.575231 -0.001118 -0.717119 0.393509 -0.819729 -0.096652 -0.516536 0.227799 
60 0.792666 -0.297575 -0.056013 0.529143 -0.748400 -0.235319 -0.489716 0.380396 
61 0.558046 0.007366 -0.699525 0.446313 -0.775372 -0.198330 -0.482140 0.356377 
62 0.614093 -0.034310 -0.722069 0.316747 -0.778803 0.039296 -0.616244 0.110299 
63 0.554246 0.018362 -0.683946 0.474017 -0.803084 0.000149 -0.576786 0.149583 
64 0.595828 -0.023219 -0.690684 0.409152 -0.750581 -0.024220 -0.636961 0.174133 
65 0.568229 0.010410 -0.680577 0.462409 -0.935922 0.008402 -0.341546 0.085585 
66 0.561147 0.023156 -0.667700 0.488625 -0.751975 -0.051090 -0.623838 0.206760 
67 0.566911 -0.158991 -0.742587 0.319215 -0.681146 0.000091 -0.711055 0.174475 
68 0.595949 -0.029414 -0.705535 0.382360 -0.637886 0.018007 -0.754529 0.153176 
69 0.573275 -0.010240 -0.721721 0.387776 -0.626189 -0.048426 -0.744136 0.227605 
70 0.589611 -0.006657 -0.689180 0.421124 -0.796282 -0.014328 -0.579801 0.171932 
71 0.584715 -0.053245 -0.754033 0.294461 -0.612689 0.002932 -0.769065 0.182048 
72 0.628364 -0.475684 -0.607142 0.101304 -0.723073 0.036140 -0.679202 0.120593 
73 0.591315 -0.074169 -0.784495 0.171501 -0.720649 0.129481 -0.680940 0.014812 
74 0.750865 -0.330936 -0.571560 0.001428 -0.798248 0.086420 -0.594399 0.044975 
75 0.614249 -0.064196 -0.731523 0.288878 -0.773640 -0.016990 -0.607078 0.180690 
76 -0.132694 -0.818222 0.477178 -0.291901 0.900712 0.045881 -0.405950 -0.147707 
77 0.477944 0.794873 0.199430 -0.316187 0.036948 0.487963 0.227750 -0.841818 
